Case= 2.000000
lambda=0.800000
A=1.000000
tipping criteria=0.200000
 
Case= 3.000000
lambda=1.300000
A=1.000000
tipping criteria=0.200000
 
