epsilon=1.500000
A=1.000000
tipping criteria=0.200000
