lambda=0.800000
A=1.000000
tipping criteria=0.200000
