epsilon=1.300000
A=2.000000
tipping criteria=0.200000
